Quiz: 0.0891468 
Test: 0.089287 
