Qualifying: 0.323936
Test:       0.324266
